"ID" "Perioden" "TotaalArbeidsongeschiktheidsuitkeringen_1" "WAOUitkeringen_2" "WajongUitkeringen_3" "WAZUitkeringen_4" "TotaalWIAUitkeringen_5" "IVAUitkeringen_6" "WGAUitkeringen_7" "NietSeizoengecorrigeerd_8" "Seizoengecorrigeerd_9" "TotaalWWBUitkeringen_10" "WWBUitkeringenTotDeAOWLeeftijd_11" "WWBUitkeringenVanafDeAOWLeeftijd_12" "IOAWUitkeringen_13" "IOAZUitkeringen_14" "AOWUitkeringen_15" "AnwUitkeringen_16" "AKWUitkeringen_17" "Perioden_C"
0 "1998MM01" 884.4 714 113.5 56.9 NA NA NA 350.8 329.6 449 435.1 14 19.2 4.1 NA NA NA "1998 januari"
1 "1998MM02" 885.3 714.3 113.7 57.3 NA NA NA 355 327.2 446.1 432.2 13.9 19.2 4.1 NA NA NA "1998 februari"
2 "1998MM03" 888.2 716.5 114.1 57.6 NA NA NA 342.8 326.3 439.9 426 13.9 19.1 4 2253.7 184.4 1815 "1998 maart"
3 "1998MM04" 890 717.9 114.5 57.7 NA NA NA 318.6 315.4 436 421.9 14 19.1 4 NA NA NA "1998 april"
4 "1998MM05" 890.8 718.1 115 57.7 NA NA NA 303.9 308.6 431.8 417.6 14.2 19.2 4 NA NA NA "1998 mei"
5 "1998MM06" 892.6 719.3 115.4 57.8 NA NA NA 293.5 302.6 426.7 412.5 14.1 19.3 4 2259.2 182.7 1817 "1998 juni"
6 "1998MM07" 893.4 719.4 116 58 NA NA NA 286.8 295.6 425.9 411.5 14.4 19.5 4 NA NA NA "1998 juli"
7 "1998MM08" 894.1 720 116.1 58 NA NA NA 283.7 291.5 422.3 407.8 14.5 19.7 4 NA NA NA "1998 augustus"
8 "1998MM09" 895.2 721.4 116 57.8 NA NA NA 276.2 288.1 419.5 405 14.5 19.7 4 2269.6 180.9 1819.2 "1998 september"
9 "1998MM10" 897.4 723.5 116.1 57.7 NA NA NA 268.7 281.1 416.8 401.8 14.9 19.8 4 NA NA NA "1998 oktober"
10 "1998MM11" 900.5 726.2 116.6 57.7 NA NA NA 276 282.4 414.3 399.1 15.1 19.8 3.9 NA NA NA "1998 november"
11 "1998MM12" 906.8 728.7 119.4 58.8 NA NA NA 287 284.9 412.3 397.1 15.2 19.9 4 2276.4 180.1 1811.2 "1998 december"
12 "1998JJ00" 892.5 719.4 115.3 57.7 NA NA NA 305.6 NA NA 415.7 NA 19.4 4 2261.1 182.8 1815.6 "1998"
13 "1999MM01" 905.7 728.6 119.8 57.3 NA NA NA 291.5 274.2 410.3 395 15.4 20.7 4 NA NA NA "1999 januari"
14 "1999MM02" 908.7 731 120.5 57.3 NA NA NA 287.5 265.7 407.7 392.2 15.5 20.8 4 NA NA NA "1999 februari"
15 "1999MM03" 910 733.1 119.4 57.4 NA NA NA 272.3 259.7 405.1 389.6 15.5 20.9 3.9 2280 178.5 1821.3 "1999 maart"
16 "1999MM04" 911.3 734.4 119.6 57.3 NA NA NA 256.6 253.7 401.5 385.9 15.7 20.9 4 NA NA NA "1999 april"
17 "1999MM05" 912.2 735.8 120 56.4 NA NA NA 246.2 249.5 398.2 382.4 15.8 21 3.9 NA NA NA "1999 mei"
18 "1999MM06" 915 737.5 120.5 57 NA NA NA 237.3 244.6 393.2 377.5 15.8 21.1 3.9 2287.5 177.1 1827.1 "1999 juni"
19 "1999MM07" 917.4 738.4 121.8 57.1 NA NA NA 235.9 243 392.4 376.3 16.1 21.2 3.9 NA NA NA "1999 juli"
20 "1999MM08" 918.7 739.6 122.3 56.9 NA NA NA 232.8 239.2 389.5 373.3 16.2 21.3 3.9 NA NA NA "1999 augustus"
21 "1999MM09" 920.1 740.9 122.5 56.7 NA NA NA 226.1 235.7 386.6 370.3 16.3 21.4 3.8 2296.8 175.6 1833.9 "1999 september"
22 "1999MM10" 922.4 742.9 122.8 56.7 NA NA NA 221.1 231.1 384.6 367.5 17.1 21.4 3.8 NA NA NA "1999 oktober"
23 "1999MM11" 921.3 741.4 123.1 56.8 NA NA NA 221.9 226.7 381.6 364.4 17.2 21.4 3.8 NA NA NA "1999 november"
24 "1999MM12" 925.9 745.7 123.6 56.7 NA NA NA 223 221.7 380.5 363.2 17.4 21.4 3.8 2305.4 174.1 1825 "1999 december"
25 "1999JJ00" 914.9 736.7 121.1 57.1 NA NA NA 248.7 NA 395.6 379.5 16.1 21.1 3.9 2288.8 177.1 1826.8 "1999"
26 "2000MM01" 931.9 750.8 124.1 57 NA NA NA 232.8 219.4 377.7 360.5 17.2 21.5 3.8 NA NA NA "2000 januari"
27 "2000MM02" 936 754.2 124.7 57.1 NA NA NA 231.3 214.2 375.4 358.1 17.3 21.5 3.8 NA NA NA "2000 februari"
28 "2000MM03" 937.5 755.7 124.7 57.2 NA NA NA 221.7 211.7 372.7 355.2 17.5 21.3 3.7 2307.7 172.5 1835.3 "2000 maart"
29 "2000MM04" 940.5 757.4 125.8 57.3 NA NA NA 210.2 207.7 369.8 352.2 17.6 21 3.7 NA NA NA "2000 april"
30 "2000MM05" 943 760.6 126.3 56.1 NA NA NA 202.2 204.7 367.3 349.5 17.7 20.8 3.7 NA NA NA "2000 mei"
31 "2000MM06" 943.6 760.5 125.6 57.4 NA NA NA 195.2 201.2 364.3 346.5 17.8 20.5 3.6 2315.8 170.9 1844.4 "2000 juni"
32 "2000MM07" 943.9 760.5 125.9 57.5 NA NA NA 194.1 199.9 363.3 345.1 18.2 20.2 3.6 NA NA NA "2000 juli"
33 "2000MM08" 944.2 760.7 126 57.4 NA NA NA 192.4 197.8 361.1 342.8 18.2 19.9 3.6 NA NA NA "2000 augustus"
34 "2000MM09" 945.8 762.2 126.3 57.3 NA NA NA 187.2 195.2 358.9 340.6 18.3 19.7 3.6 2325.6 169.7 1850.8 "2000 september"
35 "2000MM10" 948.3 764.4 126.6 57.3 NA NA NA 185.9 194.3 356.5 338.1 18.4 19.6 3.5 NA NA NA "2000 oktober"
36 "2000MM11" 952.7 768.4 127 57.3 NA NA NA 188.8 192.8 354.1 335.6 18.5 19.4 3.5 NA NA NA "2000 november"
37 "2000MM12" 957 772 127.3 57.6 NA NA NA 189.4 188.5 353.6 335 18.7 19.1 3.5 2334.2 168.4 1842.2 "2000 december"
38 "2000JJ00" 942.4 759.5 125.7 57.2 NA NA NA 204 NA 365.7 347.8 17.9 20.5 3.6 2317.2 171.1 1843.2 "2000"
39 "2001MM01" 958.3 773.5 127.6 57.2 NA NA NA 194.3 183.2 352.4 333.6 18.8 19 3.5 NA NA NA "2001 januari"
40 "2001MM02" 962 776.8 127.9 57.3 NA NA NA 195.9 181.4 351.2 332.3 18.9 18.7 3.5 NA NA NA "2001 februari"
41 "2001MM03" 964.7 779.2 128.1 57.4 NA NA NA 188.8 180.5 349.9 330.9 19 18.7 3.4 2339.5 167.2 1855.2 "2001 maart"
42 "2001MM04" 966.9 781.2 128.3 57.4 NA NA NA 182.4 180.2 348.6 329.5 19.1 18.7 3.4 NA NA NA "2001 april"
43 "2001MM05" 968.6 784.5 128.6 55.5 NA NA NA 177.2 179.2 347.3 328.1 19.2 18.5 3.4 NA NA NA "2001 mei"
44 "2001MM06" 972.6 786.6 128.8 57.2 NA NA NA 171.9 177.1 345.4 326.2 19.2 18.5 3.3 2347.7 165.8 1864.8 "2001 juni"
45 "2001MM07" 972.7 786.4 129 57.3 NA NA NA 169.1 174.2 344.5 324.9 19.6 18.4 3.3 NA NA NA "2001 juli"
46 "2001MM08" 973 786.6 129.4 57.1 NA NA NA 167.3 172.1 343.4 323.8 19.7 18.4 3.3 NA NA NA "2001 augustus"
47 "2001MM09" 973.5 787 129.6 56.9 NA NA NA 164.1 171.1 342.5 322.8 19.8 18.4 3.2 2360.1 164.3 1872 "2001 september"
48 "2001MM10" 975 788.7 129.9 56.5 NA NA NA 162.6 169.8 342.5 322.5 20 18.4 3.2 NA NA NA "2001 oktober"
49 "2001MM11" 977.7 790.8 130.1 56.8 NA NA NA 166.3 169.5 342 321.9 20 18.5 3.2 NA NA NA "2001 november"
50 "2001MM12" 981.2 793.7 130.5 57.1 NA NA NA 166 165.5 342.3 322.1 20.2 18.9 3.2 2365.6 163.2 1865.5 "2001 december"
51 "2001JJ00" 969.5 783.7 128.8 57 NA NA NA 176.5 NA 346.5 327.1 19.4 18.6 3.3 2349.3 165.8 1864.3 "2001"
52 "2002MM01" 981.5 794.3 130.7 56.6 NA NA NA 177.1 167.2 342 321.7 20.3 19 3.2 NA NA NA "2002 januari"
53 "2002MM02" 983.7 796.1 131 56.7 NA NA NA 180.8 167.6 341.3 320.9 20.4 18.9 3.1 NA NA NA "2002 februari"
54 "2002MM03" 985.1 797.1 131.3 56.7 NA NA NA 179.6 171.8 341 320.6 20.5 18.9 3.1 2372.4 161.8 1877.6 "2002 maart"
55 "2002MM04" 986.3 798.1 131.5 56.7 NA NA NA 178.1 175.9 340.3 319.8 20.5 18.9 3.1 NA NA NA "2002 april"
56 "2002MM05" 988.7 799.5 131.8 57.4 NA NA NA 178.2 180 339.8 319.2 20.6 18.8 3 NA NA NA "2002 mei"
57 "2002MM06" 987.6 798.8 132 56.8 NA NA NA 179.4 184.9 338.9 318.3 20.6 18.7 3 2381.4 160.2 1886.4 "2002 juni"
58 "2002MM07" 988.3 798.9 132.5 56.9 NA NA NA 179.1 184.6 338.7 317.8 21 19 3 NA NA NA "2002 juli"
59 "2002MM08" 988.4 798.8 132.9 56.8 NA NA NA 182.2 187.6 338.4 317.4 21 18.9 3 NA NA NA "2002 augustus"
60 "2002MM09" 988.2 798.4 133 56.7 NA NA NA 183.7 191.5 338.3 317.2 21.1 18.8 2.9 2392.7 159 1898.1 "2002 september"
61 "2002MM10" 990.2 799.9 133.6 56.7 NA NA NA 187.1 195.5 338.9 317.6 21.2 18.7 2.9 NA NA NA "2002 oktober"
62 "2002MM11" 991.7 800.9 134 56.9 NA NA NA 197.8 201.6 339.8 318.4 21.4 18.5 2.9 NA NA NA "2002 november"
63 "2002MM12" 992.8 801.5 134.2 57.1 NA NA NA 204 203.5 341.5 320.1 21.4 18.4 2.8 2402 157.8 1890.2 "2002 december"
64 "2002JJ00" 987.2 798.2 132.2 56.8 NA NA NA 182.3 NA 339.9 319.2 20.8 18.8 3 2382.6 160.4 1888.1 "2002"
65 "2003MM01" 992.9 801.7 134.5 56.8 NA NA NA 221.3 209.1 343.3 321.8 21.5 18.3 2.8 NA NA NA "2003 januari"
66 "2003MM02" 992.5 800.9 134.8 56.8 NA NA NA 232.5 217.1 344.8 323.2 21.6 18.1 2.8 NA NA NA "2003 februari"
67 "2003MM03" 991.8 799.9 135.1 56.8 NA NA NA 237.6 227.6 346.7 325 21.7 17.9 2.8 2409.5 156.3 1903 "2003 maart"
68 "2003MM04" 990 797.9 135.4 56.7 NA NA NA 241.1 237.2 347.7 325.8 21.9 17.7 2.7 NA NA NA "2003 april"
69 "2003MM05" 989 796.3 135.7 57 NA NA NA 244.4 245.6 348.8 326.9 22 17.5 2.7 NA NA NA "2003 mei"
70 "2003MM06" 989 795.9 136 57.2 NA NA NA 247.2 253.2 349.4 327.4 22 17.3 2.7 2421.3 154.6 1911.5 "2003 juni"
71 "2003MM07" 987.1 793.5 136.4 57.2 NA NA NA 254.3 260.5 350.6 328.2 22.4 17 2.7 NA NA NA "2003 juli"
72 "2003MM08" 986.4 792.2 136.7 57.5 NA NA NA 259 266.1 351.3 328.9 22.4 16.8 2.6 NA NA NA "2003 augustus"
73 "2003MM09" 984.6 790.5 137 57.2 NA NA NA 262.2 273 352.8 330.3 22.5 16.7 2.6 2435.3 152.9 1919.5 "2003 september"
74 "2003MM10" 983.2 789.1 137.2 56.9 NA NA NA 268.9 280.8 355 332.3 22.7 16.5 2.6 NA NA NA "2003 oktober"
75 "2003MM11" 982.4 788.2 137.5 56.6 NA NA NA 278 284.4 356.4 333.6 22.9 16.4 2.6 NA NA NA "2003 november"
76 "2003MM12" 981.7 787.1 138 56.6 NA NA NA 286.6 288.5 358.7 335.7 23 16.2 2.5 2446.5 151.3 1910.9 "2003 december"
77 "2003JJ00" 988 795 136 57 NA NA NA 249.3 NA 349.7 327.6 22.1 17.3 2.7 2422.6 154.6 1911.2 "2003"
78 "2004MM01" 974.7 780.7 138.1 55.9 NA NA NA 299.8 284.8 359.9 336.8 23.1 16 2.5 NA NA NA "2004 januari"
79 "2004MM02" 972.9 778.9 138.3 55.7 NA NA NA 308.1 288.9 361.2 338 23.2 15.8 2.5 NA NA NA "2004 februari"
80 "2004MM03" 972 777.6 138.9 55.6 NA NA NA 311.4 299.6 362.3 339.1 23.3 15.6 2.5 2453.9 149.9 1921.2 "2004 maart"
81 "2004MM04" 970.1 775.5 139.2 55.4 NA NA NA 313.5 307.8 363 339.6 23.4 15.4 2.5 NA NA NA "2004 april"
82 "2004MM05" 969.4 774.1 139.6 55.6 NA NA NA 311 311.4 362.6 339.2 23.4 15.1 2.4 NA NA NA "2004 mei"
83 "2004MM06" 968.2 772.8 140 55.4 NA NA NA 314.9 322 361.7 338.3 23.4 14.9 2.4 2467.5 148.4 1926.4 "2004 juni"
84 "2004MM07" 966.8 771 140.4 55.4 NA NA NA 310.9 317.8 360.9 337.2 23.7 14.6 2.4 NA NA NA "2004 juli"
85 "2004MM08" 965.4 769.2 141 55.2 NA NA NA 310.7 319.1 359.9 336.2 23.7 14.4 2.4 NA NA NA "2004 augustus"
86 "2004MM09" 964.3 767.7 141.5 55.1 NA NA NA 310.4 322.3 359.6 335.8 23.9 14.1 2.4 2484.1 146.6 1931.2 "2004 september"
87 "2004MM10" 962.4 765.6 141.7 55.1 NA NA NA 310.6 323.1 360.1 336 24.1 13.9 2.4 NA 146.2 NA "2004 oktober"
88 "2004MM11" 961 763.7 142 55.3 NA NA NA 314.8 322.8 361.7 337.4 24.3 13.7 2.3 NA 145.7 NA "2004 november"
89 "2004MM12" 960.6 762.7 142.4 55.5 NA NA NA 323.4 325 362.9 338.6 24.4 13.6 2.3 2498.8 145 1919.9 "2004 december"
90 "2004JJ00" 968.2 772.6 140.1 55.5 NA NA NA 310.1 NA 361.1 337.6 23.6 14.9 2.4 2469.5 147.5 1923.6 "2004"
91 "2005MM01" 958.3 760.3 142.7 55.3 NA NA NA 335 323.2 365 339.6 25.4 13.3 2.3 NA 144.7 NA "2005 januari"
92 "2005MM02" 956.5 758 143.3 55.2 NA NA NA 341.6 318.8 366.4 340.8 25.6 13.2 2.3 NA 144.3 NA "2005 februari"
93 "2005MM03" 950.4 751.9 143.5 54.9 NA NA NA 340.8 328.2 366.4 340.7 25.7 13 2.3 2507.8 143.7 1928.1 "2005 maart"
94 "2005MM04" 943.5 745.1 143.7 54.7 NA NA NA 336.3 329.2 365.2 339.3 25.9 12.8 2.3 NA 143.1 NA "2005 april"
95 "2005MM05" 937.7 739.3 144 54.5 NA NA NA 325.5 326.5 364.5 338.6 26 12.5 2.3 NA 142.4 NA "2005 mei"
96 "2005MM06" 934.5 734.8 144.4 55.3 NA NA NA 323.7 330.1 362.9 337 26 12.3 2.2 2519.5 141.9 1932.3 "2005 juni"
97 "2005MM07" 929.1 729.2 144.9 55 NA NA NA 317.5 323.8 362.4 335.9 26.5 12 2.2 NA 141 NA "2005 juli"
98 "2005MM08" 921.8 722.6 145.4 53.8 NA NA NA 313.9 321.8 359.9 333.3 26.6 11.8 2.2 NA 140.4 NA "2005 augustus"
99 "2005MM09" 917.9 718.8 145.7 53.4 NA NA NA 308.6 319.6 357.7 331 26.7 11.6 2.2 2540.1 139.6 1935.8 "2005 september"
100 "2005MM10" 912.5 713.4 146.1 53 NA NA NA 303.7 315.5 356.2 329.5 26.8 11.4 2.2 NA 139.1 NA "2005 oktober"
101 "2005MM11" 905.1 705.7 146.7 52.7 NA NA NA 303.1 310.7 355.2 328.3 26.9 11.2 2.2 NA 138.7 NA "2005 november"
102 "2005MM12" 899.3 700 147 52.3 NA NA NA 305.1 306.5 355 328 27 11 2.1 2553.5 137.8 1923.2 "2005 december"
103 "2005JJ00" 933.1 734.2 144.6 54.3 NA NA NA 322 NA 361.7 335.6 26.1 12.3 2.2 2523.4 141.7 1929.4 "2005"
104 "2006MM01" 894.5 693.7 147.9 51.8 1.2 0.2 1 304 295.1 353.8 326.7 27.1 10.5 2.1 NA 137.7 NA "2006 januari"
105 "2006MM02" 892.2 689.9 148.5 51.5 2.4 0.4 2 307.1 288 352.8 325.6 27.2 10 2.1 NA 137 NA "2006 februari"
106 "2006MM03" 889.1 685.1 149 51.1 3.9 0.7 3.2 304.3 293.9 352.6 325.3 27.4 9.2 2 2561.5 136.4 1931.3 "2006 maart"
107 "2006MM04" 885.7 679.7 149.7 50.6 5.7 1 4.7 294.7 289.3 351.6 324.1 27.5 8.8 2 NA 135.9 NA "2006 april"
108 "2006MM05" 881.6 674.2 150.3 50.1 7.1 1.2 5.9 286.9 287.4 350 322.5 27.6 8.4 2 NA 135.1 NA "2006 mei"
109 "2006MM06" 877.8 668.7 150.9 49.5 8.7 1.6 7.1 279 282.6 348.3 320.6 27.7 8.2 1.9 2576.3 134.4 1934.6 "2006 juni"
110 "2006MM07" 875.2 663.8 151.7 49 10.6 1.9 8.7 271.9 276.9 345.8 317.8 27.9 7.9 1.9 NA 133.8 NA "2006 juli"
111 "2006MM08" 872 659.1 152.4 48.5 12 2.2 9.8 266.7 272.7 342.7 314.7 28 7.6 1.9 NA 133.1 NA "2006 augustus"
112 "2006MM09" 868.6 654 152.9 48.1 13.6 2.6 11.1 259.6 267.9 338.1 310.2 28 7.3 1.8 2592 132.6 1937.8 "2006 september"
113 "2006MM10" 867.6 650.1 153.8 47.7 15.9 3 13 253.8 262.8 334.5 306.5 28.1 6.9 1.8 NA 132 NA "2006 oktober"
114 "2006MM11" 865.9 646.2 154.9 47.4 17.5 3.4 14.2 250.6 256.6 331.7 303.4 28.3 6.7 1.8 2600.1 131.8 NA "2006 november"
115 "2006MM12" 863.4 641.8 155.5 47 19.1 3.7 15.3 249.1 250.7 329.4 300.9 28.4 6.6 1.8 2604.6 130.9 1926.7 "2006 december"
116 "2006JJ00" 879.3 669.6 151.1 49.6 9 1.8 8 279.7 NA 345.3 317.6 27.7 8.4 2 2581.8 134.5 1932.2 "2006"
117 "2007MM01" 861 637.1 156.5 46.5 20.8 4.1 16.8 250.8 243.2 328 299.5 28.6 6.5 1.8 2607 131 NA "2007 januari"
118 "2007MM02" 859.1 633.1 157.4 46.2 22.4 4.5 17.9 247.6 235.1 326.7 298 28.7 6.4 1.8 2609.4 130.5 NA "2007 februari"
119 "2007MM03" 856.7 628.6 158.3 45.7 24.1 4.9 19.2 237.8 229.6 325 296.1 29 6.3 1.8 2614.3 129.8 1932.9 "2007 maart"
120 "2007MM04" 855 624.9 159.2 45.3 25.6 5.3 20.3 226.4 222.9 323.5 294.2 29.2 6.2 1.8 2620 129.1 NA "2007 april"
121 "2007MM05" 852.6 620.8 159.9 44.9 27 5.7 21.3 217.2 217.6 321.6 292.2 29.4 6.1 1.8 2625.6 128.5 NA "2007 mei"
122 "2007MM06" 851.1 617 161 44.5 28.6 6.1 22.5 211.4 214.1 318.8 289.4 29.5 5.9 1.7 2630.2 127.5 1935.8 "2007 juni"
123 "2007MM07" 849.5 613.2 162 44.2 30.1 6.4 23.7 207.6 210.8 316.4 286.4 30 5.8 1.7 2638 126.9 NA "2007 juli"
124 "2007MM08" 848.3 609.6 163 43.9 31.8 6.8 25.1 204.3 208 313.7 283.5 30.1 5.7 1.7 2643.1 126.3 NA "2007 augustus"
125 "2007MM09" 847 606 164 43.5 33.5 7.2 26.4 197.5 202.6 309.8 279.7 30.1 5.7 1.7 2649.6 125.6 1939.2 "2007 september"
126 "2007MM10" 846.5 603.2 164.9 43.2 35.3 7.6 27.7 193.6 199 307.2 276.8 30.4 5.6 1.7 2655.8 124.9 NA "2007 oktober"
127 "2007MM11" 847.3 601.2 166.1 43 37.1 8.1 29 192.3 195.5 305.8 275.3 30.5 5.6 1.7 2659.4 124.3 NA "2007 november"
128 "2007MM12" 846.6 598.9 166.6 42.8 38.4 8.4 29.9 192 192.1 304.7 273.9 30.7 5.6 1.7 2664.4 123.4 1927.6 "2007 december"
129 "2007JJ00" 852.4 617.9 161.1 44.6 28.8 6 22.7 217.3 NA 317.8 288.2 29.6 6 1.7 2632.2 127.6 1933.8 "2007"
130 "2008MM01" 846.5 596.2 167.6 42.5 40.3 8.9 31.4 196.1 189.4 303.7 272.7 31 5.7 1.7 2666.9 123.1 NA "2008 januari"
131 "2008MM02" 846.1 593.1 168.6 42.1 42.3 9.4 32.9 191.9 182.4 303.3 272 31.3 5.8 1.7 2670.7 122.5 NA "2008 februari"
132 "2008MM03" 844.7 589.8 169.3 41.7 43.8 9.8 34.1 185.6 179.2 302.5 270.9 31.6 5.8 1.6 2677.3 121.7 1934.2 "2008 maart"
133 "2008MM04" 844 586.9 170.3 41.4 45.4 10.1 35.2 179.4 176.5 302.3 270.4 31.9 5.9 1.6 2681.7 121.2 NA "2008 april"
134 "2008MM05" 843.3 583.7 171.4 41 47.2 10.6 36.6 173.9 174 301.7 269.5 32.2 5.9 1.6 2686.8 120.6 NA "2008 mei"
135 "2008MM06" 841.8 580.2 172.3 40.6 48.7 11.1 37.6 169.2 171.7 300.7 268.3 32.3 6 1.6 2692.8 119.9 1937.5 "2008 juni"
136 "2008MM07" 840.3 576.4 173.4 40.2 50.3 11.5 38.8 166.8 169.8 299.6 266.8 32.8 6 1.6 2700.8 119.2 NA "2008 juli"
137 "2008MM08" 838.7 572.1 174.6 39.9 52.2 11.9 40.2 165.2 168.3 297.8 264.9 32.9 6.1 1.6 2707.4 118.4 NA "2008 augustus"
138 "2008MM09" 839.6 570.4 175.5 39.6 54 12.4 41.6 161.4 166.4 295.2 262.2 33 6.1 1.6 2714.3 117.6 1940.4 "2008 september"
139 "2008MM10" 839.3 567.4 176.5 39.3 56 12.9 43.1 160.8 165.9 293.6 260.4 33.3 6.1 1.6 2721.5 116.9 NA "2008 oktober"
140 "2008MM11" 838.6 564 177.7 39 57.9 13.4 44.5 163.7 166.4 292.6 259.2 33.4 6.2 1.5 2727.2 116.2 NA "2008 november"
141 "2008MM12" 837.5 561.2 178.2 38.7 59.5 13.9 45.6 170.8 170.6 292.3 258.8 33.6 6.3 1.5 2734.5 115.2 1929.7 "2008 december"
142 "2008JJ00" 842.1 580 172.4 40.7 48.9 11.1 37.8 174.6 NA 299.3 267 32.3 6 1.6 2695.6 119.7 1935.2 "2008"
143 "2009MM01" 837.2 557.7 179.4 38.3 61.7 14.4 47.3 182.7 177.6 292.6 258.8 33.7 6.5 1.5 2737.9 114.8 NA "2009 januari"
144 "2009MM02" 837 554.8 180.5 38 63.7 15 48.7 190.9 183.4 294.6 260.6 34 6.6 1.5 2741.6 114.1 NA "2009 februari"
145 "2009MM03" 835.9 551.4 181.2 37.6 65.6 15.5 50 197.8 191.9 297.3 263.1 34.2 6.9 1.5 2749 113.3 1935.1 "2009 maart"
146 "2009MM04" 834.8 548.2 182 37.3 67.2 16 51.2 205.1 201.7 299.8 265.4 34.4 7 1.5 2755.8 112.6 NA "2009 april"
147 "2009MM05" 833.5 545 183.1 36.9 68.5 16.3 52.2 210.7 210.6 301.8 267.3 34.5 7.1 1.5 2763.1 111.9 NA "2009 mei"
148 "2009MM06" 832.6 541.9 184.2 36.6 70 16.6 53.3 220.2 221.6 304.7 270.1 34.6 7.3 1.5 2768.4 111.2 1938.6 "2009 juni"
149 "2009MM07" 832.4 538.8 185.5 36.2 71.8 17.2 54.7 229.7 232.2 307.9 272.8 35.1 7.5 1.5 2778.2 110.4 NA "2009 juli"
150 "2009MM08" 832 535.9 186.7 35.9 73.4 17.6 55.8 237.1 240.4 309.6 274.4 35.2 7.6 1.5 2785.8 109.5 NA "2009 augustus"
151 "2009MM09" 831.5 532.6 187.8 35.6 75.5 18.1 57.3 241.6 248.4 310.2 274.9 35.3 7.7 1.4 2793.6 108.7 1942.8 "2009 september"
152 "2009MM10" 832.8 529.8 189.2 35.3 78.6 18.9 59.6 250.4 258.5 311.8 276.3 35.5 7.8 1.4 2800.2 108.2 NA "2009 oktober"
153 "2009MM11" 834 527.5 190.6 35 80.9 19.6 61.3 258.6 265 313.6 278 35.6 8 1.4 2805.3 107.5 NA "2009 november"
154 "2009MM12" 834.1 524.9 191.7 34.7 82.8 20.1 62.8 269.9 271.7 316.6 280.8 35.8 8.2 1.4 2812.9 106.5 1932.7 "2009 december"
155 "2009JJ00" 834.1 542.2 184.6 36.6 70.7 16.9 53.8 220.4 NA 304 269.3 34.7 7.3 1.5 2771.1 111.1 1936.9 "2009"
156 "2010MM01" 831.5 518.8 193.4 33.8 85.5 20.8 64.7 283.2 273.9 320.1 284.2 35.9 8.3 1.5 2817.5 106.1 NA "2010 januari"
157 "2010MM02" 831 515.4 194.4 33.5 87.7 21.5 66.2 289.6 277.8 324.1 287.9 36.2 8.5 1.5 2823 105.4 NA "2010 februari"
158 "2010MM03" 830 512 195.1 33.1 89.8 22.2 67.6 281.8 273.4 328.6 292.1 36.5 8.7 1.4 2831.4 104.6 1938.4 "2010 maart"
159 "2010MM04" 828.4 507.7 195.8 32.7 92.1 22.8 69.3 274.7 270.9 332.6 295.8 36.7 8.8 1.5 2839.6 103.8 NA "2010 april"
160 "2010MM05" 828.1 504.8 196.9 32.4 94 23.3 70.7 267.6 268.3 334.8 297.8 37 8.9 1.5 2847.3 102.9 NA "2010 mei"
161 "2010MM06" 827.6 501.7 198.1 32 95.9 23.9 71.9 261.4 264.7 337.4 300.2 37.2 9 1.4 2852.2 102.4 1940.9 "2010 juni"
162 "2010MM07" 828.2 498.8 199.5 31.7 98.2 24.7 73.5 260.5 264.1 339.3 301.7 37.6 9.2 1.5 2859.5 101.7 NA "2010 juli"
163 "2010MM08" 828.2 496.2 200.2 31.4 100.3 25.3 75 260.7 264.5 340.2 302.4 37.8 9.3 1.5 2866 100.9 NA "2010 augustus"
164 "2010MM09" 828.7 493.9 201 31.2 102.6 25.9 76.7 254.2 262.2 339.5 301.7 37.8 9.4 1.4 2870.5 100.4 1941.7 "2010 september"
165 "2010MM10" 830.5 491.7 202.4 30.9 105.5 26.8 78.8 250.5 258.6 340.6 302.6 38 9.5 1.4 2874.4 99.9 NA "2010 oktober"
166 "2010MM11" 831 488.9 203.7 30.7 107.8 27.4 80.4 253.4 259.4 342.4 304.2 38.1 9.5 1.4 2877.3 99.3 NA "2010 november"
167 "2010MM12" 831.9 486.3 205.1 30.4 110.1 28.2 81.9 263.7 262.7 345.2 307 38.3 9.6 1.4 2881.3 98.4 1932.1 "2010 december"
168 "2010JJ00" 829.7 503 198.2 32.2 96.3 24.1 72.3 267 NA 334.2 297.1 37.2 9 1.4 2850.5 102.5 1938.3 "2010"
169 "2011MM01" 832.2 483.2 206.3 30.1 112.7 28.9 83.8 276.2 264.9 350.9 312.4 38.5 9.7 1.5 2885.7 98 NA "2011 januari"
170 "2011MM02" 831.9 479.7 207.3 29.7 115.2 29.6 85.6 273.8 260.5 353.6 314.9 38.7 9.8 1.5 2893.2 97.5 NA "2011 februari"
171 "2011MM03" 830.6 475.8 208.2 29.2 117.3 30.3 87 265.9 256.4 356.2 317.2 38.9 9.8 1.5 2907.2 96.5 1938.4 "2011 maart"
172 "2011MM04" 829.7 472.1 209.2 28.8 119.7 31 88.7 258.4 254.7 356.7 317.6 39.1 9.8 1.4 2920.9 95.4 NA "2011 april"
173 "2011MM05" 828.8 468.1 210.1 28.4 122.2 31.7 90.5 253.5 254.8 356.8 317.5 39.3 9.8 1.4 2934.7 94.1 NA "2011 mei"
174 "2011MM06" 826.7 463.9 210.9 28 123.9 32.2 91.7 250.7 255.3 356.4 316.9 39.5 9.7 1.4 2947 93 1941.8 "2011 juni"
175 "2011MM07" 825.8 460 212 27.6 126.2 32.8 93.4 252.8 256.8 356.1 316.1 40 9.7 1.4 2962.6 91.8 NA "2011 juli"
176 "2011MM08" 825.4 456.7 212.9 27.3 128.6 33.4 95.2 255.3 258.7 355.1 315 40.1 9.7 1.4 2974.9 90.8 NA "2011 augustus"
177 "2011MM09" 825 453.3 213.7 26.9 131.1 34 97.1 251.2 259.8 354.5 314.3 40.2 9.8 1.4 2986.1 89.8 1944.1 "2011 september"
178 "2011MM10" 825.6 450.3 214.7 26.6 133.9 34.7 99.2 252.5 261.7 355 314.6 40.3 9.7 1.4 2997.4 88.9 NA "2011 oktober"
179 "2011MM11" 824.6 447.2 215.3 26.3 135.8 35.3 100.5 257.8 264.7 356.7 316.3 40.4 9.8 1.4 3006.3 88 NA "2011 november"
180 "2011MM12" 824.5 443.9 216.2 26 138.3 36 102.4 269.9 269.1 359.1 318.6 40.5 9.8 1.4 3017 86.7 1933.9 "2011 december"
181 "2011JJ00" 827.9 464.6 210.9 28.1 124.2 32.2 92.1 259.6 NA 355 315.5 39.5 9.7 1.4 2947.1 93 1939.3 "2011"
182 "2012MM01" 822.6 438.9 217.2 25.5 141 36.7 104.3 291.6 279 358 318.5 39.5 9.9 1.4 3026.2 86 NA "2012 januari"
183 "2012MM02" 822 435.5 218.1 25.2 143.2 37.4 105.9 298.9 283.4 359 319.4 39.6 10 1.4 3034.1 85.2 NA "2012 februari"
184 "2012MM03" 821.2 432.1 219 24.9 145.2 38 107.3 295.6 285.5 359.2 319.5 39.7 10 1.4 3044.9 84.2 1937.1 "2012 maart"
185 "2012MM04" 820.4 428.5 222 24.5 147.3 38.7 108.6 292.1 288.2 359.5 319.8 39.8 10.2 1.4 3054.5 83.3 NA "2012 april"
186 "2012MM05" 819.4 425.3 220.9 24.2 149 39.3 109.7 290.9 292.1 360.5 320.7 39.8 10.3 1.4 3066.7 82.2 NA "2012 mei"
187 "2012MM06" 819.7 425.1 221 24.2 149.4 39.5 109.9 290.6 295.6 361 321.3 39.8 10.4 1.4 3075.6 81.1 1938.6 "2012 juni"
188 "2012MM07" 818.2 421.3 221.9 23.9 151 40 111 298 302.4 361.6 321.5 40 10.5 1.4 3087.7 80 NA "2012 juli"
189 "2012MM08" 817.7 418.1 223 23.6 153 40.6 112.4 304 308.5 361.8 322.1 39.7 10.6 1.4 3098.5 79.1 NA "2012 augustus"
190 "2012MM09" 817.5 415.1 223.8 23.3 155.2 41.2 114.1 304.3 314.1 362.3 322.7 39.6 10.8 1.4 3107.7 78.2 1938.9 "2012 september"
191 "2012MM10" 817.7 412.1 224.9 23 157.8 41.8 115.9 309.8 319.8 364.1 324.3 39.8 11 1.4 3117.3 77.2 NA "2012 oktober"
192 "2012MM11" 817.5 409.1 225.7 22.8 160 42.5 117.5 322.3 329.7 367.2 327.2 40 11.2 1.4 3125.4 76.4 NA "2012 november"
193 "2012MM12" 816.9 406.2 226.5 22.5 161.7 42.9 118.8 340.2 339.7 370.2 330.2 40 11.4 1.4 3135.9 75 1928.2 "2012 december"
194 "2012JJ00" 819.6 423.8 221.6 24.1 150.2 39.6 110.6 300.3 NA 361.6 321.8 39.8 10.5 1.4 3076.2 81.2 1936.4 "2012"
195 "2013MM01" 820.3 405.6 227.7 22.5 164.6 43.8 120.7 369.3 353.9 374.4 335.6 38.8 11.7 1.5 3124 75.2 NA "2013 januari*"
196 "2013MM02" 819.7 402.4 228.6 22.2 166.6 44.4 122.2 376.7 360 378.7 339.6 39 11.9 1.5 3131.4 74.3 NA "2013 februari*"
197 "2013MM03" 819.4 399.3 229.5 21.9 168.7 45.1 123.6 379.7 368.5 382.2 343.4 38.8 12.2 1.5 3139.1 73.3 1931.5 "2013 maart*"
198 "2013MM04" 818.6 396 230.4 21.6 170.6 45.8 124.8 379.5 375.8 385.7 346.8 38.9 12.4 1.5 3147.5 72.5 NA "2013 april*"
199 "2013MM05" 818.2 392.9 231.4 21.4 172.5 46.5 126.1 377.8 380.5 388.1 348.9 39.1 12.6 1.5 3157.2 71.6 NA "2013 mei*"
200 "2013MM06" 817.6 389.8 232.6 21.1 174.1 47.1 127.1 381.6 387.9 388.7 349.6 39.1 12.8 1.5 3166.5 70.7 1932.4 "2013 juni*"
201 "2013MM07" 817.3 386.9 233.7 20.8 175.9 47.8 128.2 394.6 399.8 389.9 350.7 39.2 13 1.5 3175.9 69.6 NA "2013 juli*"
202 "2013MM08" 816.7 383.6 234.7 20.5 177.8 48.3 129.5 399.3 404.4 389.4 350.2 39.3 13.3 1.5 3187.5 68.4 NA "2013 augustus*"
203 "2013MM09" 817 380.9 235.7 20.3 180.2 49 131.1 400.4 411 389.6 350.4 39.3 13.4 1.6 3197.1 67.4 1932.7 "2013 september*"
204 "2013MM10" 817.6 378.1 236.9 20 182.5 49.8 132.7 408.2 419 392.1 352.4 39.7 13.6 1.6 3206 57.2 NA "2013 oktober*"
205 "2013MM11" 817.8 375.5 237.9 19.8 184.6 50.9 133.7 419.1 426.2 395.1 355.2 39.9 13.8 1.5 3214.5 56.3 NA "2013 november*"
206 "2013MM12" 817.8 373.1 238.7 19.6 186.4 51.5 134.9 437.7 436.2 398.8 358.8 40 14.1 1.6 3222.6 55.2 1919.4 "2013 december*"
207 "2013JJ00" 818.1 390.1 232.6 21.1 174.4 47.1 127.2 389.6 NA 386.5 347.3 39.3 12.8 1.5 3168.8 68.5 1930.1 "2013*"
208 "2014MM01" 820.9 372.6 239.9 19.5 188.9 52.7 136.1 460.5 445.1 403 363.2 39.8 14.4 1.6 3212.1 52.3 NA "2014 januari*"
209 "2014MM02" 820.7 370 240.7 19.3 190.7 53.5 137.2 460.1 442.5 406.6 366.5 40 14.7 1.6 3218.9 51.4 NA "2014 februari*"
210 "2014MM03" 820.6 367 241.8 19.1 192.8 54.4 138.4 453.8 441.8 409.8 369.5 40.3 15.1 1.7 3228.4 50.4 1921.5 "2014 maart*"
211 "2014MM04" 820.8 364.5 242.6 18.9 194.8 55.4 139.4 443.3 439 412.7 372.2 40.4 15.3 1.7 3235.9 49.5 NA "2014 april*"
212 "2014MM05" 820.4 361.6 243.7 18.6 196.4 56.1 140.3 435.5 438.5 414 373.5 40.5 15.5 1.7 3246.3 48.5 NA "2014 mei*"
213 "2014MM06" 820.2 358.9 244.7 18.4 198.2 56.9 141.3 430.6 438.1 414.2 373.7 40.6 15.8 1.7 3255.1 47.7 1923.8 "2014 juni*"
214 "2014MM07" 819.8 356.1 245.6 18.2 199.9 57.7 142.2 437 442.7 414.8 374.2 40.6 15.9 1.7 3264.4 46.9 NA "2014 juli*"
215 "2014MM08" 819.6 353.5 246.5 17.9 201.6 58.3 143.3 430.4 436 417.5 377 40.5 16 1.7 3272.8 46 NA "2014 augustus*"
216 "2014MM09" 819.6 350.6 247.5 17.7 203.8 59 144.7 419.9 431.4 414.5 374 40.5 16.4 1.6 3281.4 44.9 1920.7 "2014 september*"
217 "2014MM10" 819.8 347.8 248.5 17.5 206 59.9 146 419.4 431.5 414 374 40 16.6 1.7 3290.7 44.1 NA "2014 oktober*"
218 "2014MM11" NA NA NA NA NA NA NA NA NA NA NA NA NA NA 3297.7 43.2 NA "2014 november*"
