"ID" "Perioden" "PrijsindexBestaandeKoopwoningen_1" "OntwikkelingTOVVoorgaandePeriode_2" "OntwikkelingTOVEenJaarEerder_3" "AantalVerkochteWoningen_4" "OntwikkelingTOVVoorgaandePeriode_5" "OntwikkelingTOVEenJaarEerder_6" "GemiddeldeVerkoopprijs_7" "TotaleWaardeVerkoopprijzen_8" "Perioden_C"
0 "1995MM01" 36.5 NA NA 8793 NA NA 88991 782 "1995 januari"
1 "1995MM02" 36.7 0.6 NA 10103 14.9 NA 89741 907 "1995 februari"
2 "1995MM03" 36.6 -0.3 NA 11838 17.2 NA 90432 1071 "1995 maart"
3 "1995KW01" 36.6 NA NA 30734 NA NA 89792 2760 "1995 1e kwartaal"
4 "1995MM04" 36.8 0.5 NA 10626 -10.2 NA 89808 954 "1995 april"
5 "1995MM05" 37 0.6 NA 12746 20 NA 92326 1177 "1995 mei"
6 "1995MM06" 37.4 1 NA 13682 7.3 NA 93652 1281 "1995 juni"
7 "1995KW02" 37.1 1.2 NA 37054 20.6 NA 92094 3412 "1995 2e kwartaal"
8 "1995MM07" 37.8 1.1 NA 14346 4.9 NA 95222 1366 "1995 juli"
9 "1995MM08" 38.2 1.2 NA 13580 -5.3 NA 96583 1312 "1995 augustus"
10 "1995MM09" 38.3 0.1 NA 12572 -7.4 NA 95676 1203 "1995 september"
11 "1995KW03" 38.1 2.8 NA 40498 9.3 NA 95819 3880 "1995 3e kwartaal"
12 "1995MM10" 38.5 0.5 NA 13629 8.4 NA 95076 1296 "1995 oktober"
13 "1995MM11" 38.4 -0.1 NA 13363 -2 NA 95408 1275 "1995 november"
14 "1995MM12" 38.9 1.1 NA 19290 44.4 NA 96804 1867 "1995 december"
15 "1995KW04" 38.6 1.3 NA 46282 14.3 NA 95892 4438 "1995 4e kwartaal"
16 "1995JJ00" 37.6 NA NA 154568 NA NA 93750 14491 "1995"
17 "1996MM01" 39.4 1.4 7.9 10193 -47.2 15.9 96767 986 "1996 januari"
18 "1996MM02" 39.7 0.7 8 12061 18.3 19.4 96539 1164 "1996 februari"
19 "1996MM03" 40 0.7 9.1 13415 11.2 13.3 98188 1317 "1996 maart"
20 "1996KW01" 39.7 2.8 8.3 35669 -22.9 16.1 97224 3468 "1996 1e kwartaal"
21 "1996MM04" 40.6 1.7 10.4 14610 8.9 37.5 99609 1455 "1996 april"
22 "1996MM05" 41.1 1.2 11.1 15548 6.4 22 101317 1575 "1996 mei"
23 "1996MM06" 41.3 0.4 10.6 13652 -12.2 -0.2 99819 1363 "1996 juni"
24 "1996KW02" 41 3.4 10.7 43810 22.8 18.2 100280 4393 "1996 2e kwartaal"
25 "1996MM07" 42 1.6 11.1 17802 30.4 24.1 104167 1854 "1996 juli"
26 "1996MM08" 42.5 1.2 11.1 14922 -16.2 9.9 105608 1576 "1996 augustus"
27 "1996MM09" 42.9 1 12.1 13858 -7.1 10.2 104589 1449 "1996 september"
28 "1996KW03" 42.5 3.5 11.5 46582 6.3 15 104754 4880 "1996 3e kwartaal"
29 "1996MM10" 43.1 0.3 11.9 14781 6.7 8.5 104819 1549 "1996 oktober"
30 "1996MM11" 43.5 1 13.1 14700 -0.5 10 106055 1559 "1996 november"
31 "1996MM12" 43.6 0.3 12.2 20209 37.5 4.8 108073 2184 "1996 december"
32 "1996KW04" 43.4 2.2 12.4 49690 6.7 7.4 106508 5292 "1996 4e kwartaal"
33 "1996JJ00" 41.6 10.8 10.8 175751 13.7 13.7 102607 18033 "1996"
34 "1997MM01" 44.2 1.3 12.1 10660 -47.3 4.6 105876 1129 "1997 januari"
35 "1997MM02" 44.8 1.3 12.9 11837 11 -1.9 107567 1273 "1997 februari"
36 "1997MM03" 45.3 1.2 13.4 13266 12.1 -1.1 107769 1430 "1997 maart"
37 "1997KW01" 44.8 3.2 12.8 35763 -28 0.3 107138 3832 "1997 1e kwartaal"
38 "1997MM04" 45.6 0.7 12.3 15328 15.5 4.9 109670 1681 "1997 april"
39 "1997MM05" 46 0.7 11.7 15688 2.3 0.9 110859 1739 "1997 mei"
40 "1997MM06" 46.3 0.8 12.1 16144 2.9 18.3 112207 1811 "1997 juni"
41 "1997KW02" 46 2.7 12.1 47160 31.9 7.6 110934 5232 "1997 2e kwartaal"
42 "1997MM07" 46.9 1.2 11.7 18483 14.5 3.8 114344 2113 "1997 juli"
43 "1997MM08" 47.5 1.4 11.8 15506 -16.1 3.9 116161 1801 "1997 augustus"
44 "1997MM09" 47.5 0 10.7 15630 0.8 12.8 116411 1820 "1997 september"
45 "1997KW03" 47.3 2.9 11.4 49619 5.2 6.5 115563 5734 "1997 3e kwartaal"
46 "1997MM10" 48.1 1.2 11.7 16640 6.5 12.6 116785 1943 "1997 oktober"
47 "1997MM11" 48.5 0.7 11.4 14415 -13.4 -1.9 115768 1669 "1997 november"
48 "1997MM12" 48.5 0 11.1 22037 52.9 9 117870 2598 "1997 december"
49 "1997KW04" 48.3 2.2 11.4 53092 7 6.8 116960 6210 "1997 4e kwartaal"
50 "1997JJ00" 46.6 11.9 11.9 185634 5.6 5.6 113163 21007 "1997"
51 "1998MM01" 48.9 0.9 10.7 10084 -54.2 -5.4 118196 1192 "1998 januari"
52 "1998MM02" 49.6 1.4 10.8 12637 25.3 6.8 118483 1497 "1998 februari"
53 "1998MM03" 49.9 0.7 10.2 15407 21.9 16.1 119635 1843 "1998 maart"
54 "1998KW01" 49.5 2.4 10.6 38128 -28.2 6.6 118873 4532 "1998 1e kwartaal"
55 "1998MM04" 50.3 0.7 10.1 15145 -1.7 -1.2 120019 1818 "1998 april"
56 "1998MM05" 50.8 1 10.5 16299 7.6 3.9 122503 1997 "1998 mei"
57 "1998MM06" 51.2 0.9 10.5 15966 -2 -1.1 121460 1939 "1998 juni"
58 "1998KW02" 50.8 2.6 10.4 47410 24.3 0.5 121358 5754 "1998 2e kwartaal"
59 "1998MM07" 51.8 1.1 10.5 19679 23.3 6.5 126636 2492 "1998 juli"
60 "1998MM08" 52.5 1.4 10.5 16435 -16.5 6 127865 2101 "1998 augustus"
61 "1998MM09" 53.1 1.2 11.8 15039 -8.5 -3.8 127758 1921 "1998 september"
62 "1998KW03" 52.5 3.4 10.9 51153 7.9 3.1 127361 6515 "1998 3e kwartaal"
63 "1998MM10" 53.6 0.9 11.4 16428 9.2 -1.3 128238 2107 "1998 oktober"
64 "1998MM11" 54.1 0.9 11.6 16189 -1.5 12.3 127574 2065 "1998 november"
65 "1998MM12" 54.2 0.2 11.8 23314 44 5.8 129378 3016 "1998 december"
66 "1998KW04" 54 2.8 11.6 55931 9.3 5.3 128521 7188 "1998 4e kwartaal"
67 "1998JJ00" 51.7 10.9 10.9 192622 3.8 3.8 124540 23989 "1998"
68 "1999MM01" 55.4 2.2 13.2 10756 -53.9 6.7 130266 1401 "1999 januari"
69 "1999MM02" 56 1.2 12.9 13909 29.3 10.1 130784 1819 "1999 februari"
70 "1999MM03" 56.8 1.5 13.8 17558 26.2 14 133544 2345 "1999 maart"
71 "1999KW01" 56.1 3.9 13.3 42223 -24.5 10.7 131800 5565 "1999 1e kwartaal"
72 "1999MM04" 57.6 1.4 14.6 17210 -2 13.6 138285 2380 "1999 april"
73 "1999MM05" 58.6 1.6 15.3 15879 -7.7 -2.6 138572 2200 "1999 mei"
74 "1999MM06" 59.3 1.3 15.8 17122 7.8 7.2 141717 2426 "1999 juni"
75 "1999KW02" 58.5 4.3 15.2 50211 18.9 5.9 139546 7007 "1999 2e kwartaal"
76 "1999MM07" 60.5 2 16.8 20455 19.5 3.9 146087 2988 "1999 juli"
77 "1999MM08" 61.8 2.1 17.7 18760 -8.3 14.1 148966 2795 "1999 augustus"
78 "1999MM09" 62.5 1.2 17.7 16360 -12.8 8.8 151863 2484 "1999 september"
79 "1999KW03" 61.6 5.3 17.4 55575 10.7 8.6 148759 8267 "1999 3e kwartaal"
80 "1999MM10" 63.8 2 19 16691 2 1.6 154989 2587 "1999 oktober"
81 "1999MM11" 64.4 0.9 19 17482 4.7 8 155171 2713 "1999 november"
82 "1999MM12" 64.7 0.5 19.4 22356 27.9 -4.1 155389 3474 "1999 december"
83 "1999KW04" 64.3 4.4 19.1 56529 1.7 1.1 155204 8774 "1999 4e kwartaal"
84 "1999JJ00" 60.1 16.3 16.3 204538 6.2 6.2 144778 29613 "1999"
85 "2000MM01" 66.3 2.5 19.7 10794 -51.7 0.4 157270 1698 "2000 januari"
86 "2000MM02" 67.2 1.5 20.1 13563 25.7 -2.5 158416 2149 "2000 februari"
87 "2000MM03" 68.1 1.3 19.8 15286 12.7 -12.9 161686 2472 "2000 maart"
88 "2000KW01" 67.2 4.5 19.9 39643 -29.9 -6.1 159365 6318 "2000 1e kwartaal"
89 "2000MM04" 68.8 1.1 19.4 13875 -9.2 -19.4 164483 2282 "2000 april"
90 "2000MM05" 69.8 1.4 19.2 18593 34 17.1 168035 3124 "2000 mei"
91 "2000MM06" 70.9 1.6 19.5 14630 -21.3 -14.6 169998 2487 "2000 juni"
92 "2000KW02" 69.8 3.9 19.4 47098 18.8 -6.2 167599 7894 "2000 2e kwartaal"
93 "2000MM07" 71.9 1.5 18.9 17197 17.5 -15.9 174945 3009 "2000 juli"
94 "2000MM08" 72.8 1.2 17.8 16264 -5.4 -13.3 177859 2893 "2000 augustus"
95 "2000MM09" 73.7 1.3 17.9 15333 -5.7 -6.3 179940 2759 "2000 september"
96 "2000KW03" 72.8 4.3 18.2 48794 3.6 -12.2 177486 8660 "2000 3e kwartaal"
97 "2000MM10" 74.2 0.7 16.3 15792 3 -5.4 180317 2848 "2000 oktober"
98 "2000MM11" 74.6 0.5 15.8 15121 -4.2 -13.5 176972 2676 "2000 november"
99 "2000MM12" 74.7 0.2 15.5 22910 51.5 2.5 182625 4184 "2000 december"
100 "2000KW04" 74.5 2.3 15.8 53823 10.3 -4.8 180360 9707 "2000 4e kwartaal"
101 "2000JJ00" 71.1 18.2 18.2 189358 -7.4 -7.4 172050 32579 "2000"
102 "2001MM01" 75.2 0.7 13.4 10341 -54.9 -4.2 177558 1836 "2001 januari"
103 "2001MM02" 76.7 2.1 14.1 12427 20.2 -8.4 182471 2268 "2001 februari"
104 "2001MM03" 76.8 0.1 12.8 14961 20.4 -2.1 180494 2700 "2001 maart"
105 "2001KW01" 76.3 2.4 13.5 37729 -29.9 -4.8 180341 6804 "2001 1e kwartaal"
106 "2001MM04" 77.9 1.4 13.2 14634 -2.2 5.5 185999 2722 "2001 april"
107 "2001MM05" 78.2 0.3 12.1 17049 16.5 -8.3 186441 3179 "2001 mei"
108 "2001MM06" 78.8 0.7 11.1 16508 -3.2 12.8 187336 3093 "2001 juni"
109 "2001KW02" 78.3 2.7 12.1 48191 27.7 2.3 186614 8993 "2001 2e kwartaal"
110 "2001MM07" 79.6 1 10.6 18997 15.1 10.5 190801 3625 "2001 juli"
111 "2001MM08" 80.3 1 10.4 18158 -4.4 11.6 192139 3489 "2001 augustus"
112 "2001MM09" 81 0.9 10 15343 -15.5 0.1 191693 2941 "2001 september"
113 "2001KW03" 80.3 2.6 10.3 52498 8.9 7.6 191524 10055 "2001 3e kwartaal"
114 "2001MM10" 80.7 -0.5 8.7 17835 16.2 12.9 191792 3421 "2001 oktober"
115 "2001MM11" 81.3 0.8 9.1 17309 -2.9 14.5 193508 3349 "2001 november"
116 "2001MM12" 81.1 -0.3 8.5 22175 28.1 -3.2 191854 4254 "2001 december"
117 "2001KW04" 81 0.9 8.8 57319 9.2 6.5 192334 11024 "2001 4e kwartaal"
118 "2001JJ00" 79 11.1 11.1 195737 3.4 3.4 188397 36876 "2001"
119 "2002MM01" 82 1.1 9 11891 -46.4 15 193092 2296 "2002 januari"
120 "2002MM02" 82.5 0.6 7.4 14165 19.1 14 193162 2736 "2002 februari"
121 "2002MM03" 83 0.7 8 18321 29.3 22.5 197257 3614 "2002 maart"
122 "2002KW01" 82.5 1.8 8.2 44377 -22.6 17.6 194834 8646 "2002 1e kwartaal"
123 "2002MM04" 83.2 0.2 6.8 14544 -20.6 -0.6 197440 2872 "2002 april"
124 "2002MM05" 83.8 0.8 7.2 17569 20.8 3.1 199157 3499 "2002 mei"
125 "2002MM06" 83.9 0.1 6.5 15968 -9.1 -3.3 199384 3184 "2002 juni"
126 "2002KW02" 83.6 1.4 6.8 48081 8.3 -0.2 198713 9554 "2002 2e kwartaal"
127 "2002MM07" 84.6 0.8 6.3 19813 24.1 4.3 201666 3996 "2002 juli"
128 "2002MM08" 85.3 0.9 6.2 17150 -13.4 -5.6 204573 3508 "2002 augustus"
129 "2002MM09" 85.3 0 5.2 15634 -8.8 1.9 204417 3196 "2002 september"
130 "2002KW03" 85.1 1.7 5.9 52597 9.4 0.2 203432 10700 "2002 3e kwartaal"
131 "2002MM10" 85.3 0 5.7 16200 3.6 -9.2 201799 3269 "2002 oktober"
132 "2002MM11" 85.1 -0.2 4.6 15815 -2.4 -8.6 200491 3171 "2002 november"
133 "2002MM12" 84.5 -0.7 4.2 21316 34.8 -3.9 201155 4288 "2002 december"
134 "2002KW04" 85 -0.1 4.9 53331 1.4 -7 201154 10728 "2002 4e kwartaal"
135 "2002JJ00" 84 6.4 6.4 198386 1.4 1.4 199752 39628 "2002"
136 "2003MM01" 85.4 1.1 4.2 11832 -44.5 -0.5 201802 2388 "2003 januari"
137 "2003MM02" 85.8 0.4 4.1 13396 13.2 -5.4 200118 2681 "2003 februari"
138 "2003MM03" 85.9 0.1 3.5 14359 7.2 -21.6 199880 2870 "2003 maart"
139 "2003KW01" 85.7 0.9 3.9 39587 -25.8 -10.8 200535 7939 "2003 1e kwartaal"
140 "2003MM04" 86.4 0.6 3.9 15163 5.6 4.3 202536 3071 "2003 april"
141 "2003MM05" 86.6 0.2 3.3 16675 10 -5.1 202497 3377 "2003 mei"
142 "2003MM06" 87 0.4 3.7 14440 -13.4 -9.6 204760 2957 "2003 juni"
143 "2003KW02" 86.7 1.1 3.6 46278 16.9 -3.8 203216 9404 "2003 2e kwartaal"
144 "2003MM07" 87.3 0.4 3.2 17510 21.3 -11.6 204826 3587 "2003 juli"
145 "2003MM08" 87.4 0.1 2.5 16045 -8.4 -6.4 204982 3289 "2003 augustus"
146 "2003MM09" 87.6 0.2 2.7 16810 4.8 7.5 205430 3453 "2003 september"
147 "2003KW03" 87.4 0.9 2.8 50365 8.8 -4.2 205078 10329 "2003 3e kwartaal"
148 "2003MM10" 88.1 0.6 3.3 17357 3.3 7.1 208042 3611 "2003 oktober"
149 "2003MM11" 88.3 0.3 3.8 15168 -12.6 -4.1 205756 3121 "2003 november"
150 "2003MM12" 88.7 0.4 5 24651 62.5 15.6 211410 5211 "2003 december"
151 "2003KW04" 88.4 1.1 4 57176 13.5 7.2 208888 11943 "2003 4e kwartaal"
152 "2003JJ00" 87.1 3.6 3.6 193406 -2.5 -2.5 204829 39615 "2003"
153 "2004MM01" 89.1 0.5 4.3 10329 -58.1 -12.7 204756 2115 "2004 januari"
154 "2004MM02" 89.6 0.5 4.4 13298 28.7 -0.7 209830 2790 "2004 februari"
155 "2004MM03" 89.4 -0.2 4 15624 17.5 8.8 210156 3283 "2004 maart"
156 "2004KW01" 89.4 1.1 4.2 39251 -31.4 -0.8 208625 8189 "2004 1e kwartaal"
157 "2004MM04" 90.1 0.8 4.3 16496 5.6 8.8 212873 3512 "2004 april"
158 "2004MM05" 90.3 0.2 4.3 14507 -12.1 -13 212210 3079 "2004 mei"
159 "2004MM06" 90.6 0.3 4.1 16943 16.8 17.3 211950 3591 "2004 juni"
160 "2004KW02" 90.3 1.1 4.2 47946 22.2 3.6 212346 10181 "2004 2e kwartaal"
161 "2004MM07" 91.3 0.9 4.6 18386 8.5 5 215940 3970 "2004 juli"
162 "2004MM08" 91.8 0.5 5.1 16909 -8 5.4 217834 3683 "2004 augustus"
163 "2004MM09" 91.8 -0.1 4.8 15132 -10.5 -10 218350 3304 "2004 september"
164 "2004KW03" 91.7 1.5 4.8 50427 5.2 0.1 217298 10958 "2004 3e kwartaal"
165 "2004MM10" 92.1 0.4 4.6 15450 2.1 -11 214677 3317 "2004 oktober"
166 "2004MM11" 91.9 -0.3 4 16519 6.9 8.9 211246 3490 "2004 november"
167 "2004MM12" 91.8 -0.1 3.5 22348 35.3 -9.3 210150 4696 "2004 december"
168 "2004KW04" 91.9 0.3 4 54317 7.7 -5 211771 11503 "2004 4e kwartaal"
169 "2004JJ00" 90.8 4.3 4.3 191941 -0.8 -0.8 212723 40830 "2004"
170 "2005MM01" 92.3 0.6 3.5 11495 -48.6 11.3 214758 2469 "2005 januari"
171 "2005MM02" 92.9 0.7 3.8 13964 21.5 5 214870 3000 "2005 februari"
172 "2005MM03" 93.1 0.2 4.2 15751 12.8 0.8 217110 3420 "2005 maart"
173 "2005KW01" 92.8 0.9 3.8 41210 -24.1 5 215695 8889 "2005 1e kwartaal"
174 "2005MM04" 93.5 0.4 3.8 16662 5.8 1 219695 3661 "2005 april"
175 "2005MM05" 94.2 0.7 4.3 16913 1.5 16.6 219176 3707 "2005 mei"
176 "2005MM06" 94.1 -0.1 3.9 17017 0.6 0.4 221788 3774 "2005 juni"
177 "2005KW02" 93.9 1.2 4 50592 22.8 5.5 220225 11142 "2005 2e kwartaal"
178 "2005MM07" 94.8 0.7 3.7 18704 9.9 1.7 225528 4218 "2005 juli"
179 "2005MM08" 95.2 0.5 3.7 18901 1.1 11.8 225914 4270 "2005 augustus"
180 "2005MM09" 95.2 0 3.8 18123 -4.1 19.8 229361 4157 "2005 september"
181 "2005KW03" 95.1 1.2 3.7 55728 10.2 10.5 226905 12645 "2005 3e kwartaal"
182 "2005MM10" 95.5 0.3 3.7 17789 -1.8 15.1 225765 4016 "2005 oktober"
183 "2005MM11" 95.5 0 4 17268 -2.9 4.5 224855 3883 "2005 november"
184 "2005MM12" 95.8 0.3 4.4 24042 39.2 7.6 226399 5443 "2005 december"
185 "2005KW04" 95.6 0.6 4 59099 6 8.8 225757 13342 "2005 4e kwartaal"
186 "2005JJ00" 94.4 3.9 3.9 206629 7.7 7.7 222706 46017 "2005"
187 "2006MM01" 96.5 0.7 4.6 13671 -43.1 18.9 228008 3117 "2006 januari"
188 "2006MM02" 97.2 0.7 4.6 15698 14.8 12.4 229291 3599 "2006 februari"
189 "2006MM03" 97.5 0.3 4.7 18150 15.6 15.2 231013 4193 "2006 maart"
190 "2006KW01" 97.1 1.5 4.6 47519 -19.6 15.3 229580 10909 "2006 1e kwartaal"
191 "2006MM04" 97.9 0.4 4.7 16245 -10.5 -2.5 232932 3784 "2006 april"
192 "2006MM05" 98.2 0.3 4.2 18479 13.8 9.3 232135 4290 "2006 mei"
193 "2006MM06" 98.6 0.4 4.8 18479 0 8.6 237713 4393 "2006 juni"
194 "2006KW02" 98.2 1.2 4.6 53203 12 5.2 234316 12466 "2006 2e kwartaal"
195 "2006MM07" 99.3 0.7 4.8 18819 1.8 0.6 240270 4522 "2006 juli"
196 "2006MM08" 99.6 0.3 4.6 18059 -4 -4.5 241279 4357 "2006 augustus"
197 "2006MM09" 99.6 0 4.5 17004 -5.8 -6.2 241654 4109 "2006 september"
198 "2006KW03" 99.5 1.3 4.6 53882 1.3 -3.3 241045 12988 "2006 3e kwartaal"
199 "2006MM10" 99.8 0.2 4.5 16981 -0.1 -4.5 239211 4062 "2006 oktober"
200 "2006MM11" 100.1 0.3 4.8 16578 -2.4 -4 235660 3907 "2006 november"
201 "2006MM12" 100 -0.1 4.3 21604 30.3 -10.1 237903 5140 "2006 december"
202 "2006KW04" 99.9 0.5 4.5 55163 2.4 -6.7 237631 13108 "2006 4e kwartaal"
203 "2006JJ00" 98.7 4.6 4.6 209767 1.5 1.5 235843 49472 "2006"
204 "2007MM01" 100.8 0.8 4.4 13419 -37.9 -1.8 243160 3263 "2007 januari"
205 "2007MM02" 100.9 0.1 3.8 14487 8 -7.7 240094 3478 "2007 februari"
206 "2007MM03" 101.5 0.6 4.1 17349 19.8 -4.4 244056 4234 "2007 maart"
207 "2007KW01" 101 1.1 4.1 45255 -18 -4.8 242522 10975 "2007 1e kwartaal"
208 "2007MM04" 101.8 0.3 4 15646 -9.8 -3.7 244148 3820 "2007 april"
209 "2007MM05" 102.3 0.5 4.2 17419 11.3 -5.7 246215 4289 "2007 mei"
210 "2007MM06" 102.7 0.3 4.1 17358 -0.4 -6.1 247323 4293 "2007 juni"
211 "2007KW02" 102.3 1.2 4.1 50423 11.4 -5.2 245955 12402 "2007 2e kwartaal"
212 "2007MM07" 103.3 0.6 4.1 18221 5 -3.2 249941 4554 "2007 juli"
213 "2007MM08" 104.3 0.9 4.7 19554 7.3 8.3 257921 5043 "2007 augustus"
214 "2007MM09" 103.9 -0.4 4.3 14386 -26.4 -15.4 252650 3635 "2007 september"
215 "2007KW03" 103.8 1.5 4.4 52161 3.4 -3.2 253679 13232 "2007 3e kwartaal"
216 "2007MM10" 104.1 0.2 4.3 16833 17 -0.9 251238 4229 "2007 oktober"
217 "2007MM11" 104.5 0.4 4.4 18067 7.3 9 252031 4553 "2007 november"
218 "2007MM12" 104 -0.5 4 19662 8.8 -9 247650 4869 "2007 december"
219 "2007KW04" 104.2 0.3 4.2 54562 4.6 -1.1 250208 13652 "2007 4e kwartaal"
220 "2007JJ00" 102.8 4.2 4.2 202401 -3.5 -3.5 248325 50261 "2007"
221 "2008MM01" 105.3 1.3 4.5 12192 -38 -9.1 252858 3083 "2008 januari"
222 "2008MM02" 105.3 0 4.4 15081 23.7 4.1 256717 3872 "2008 februari"
223 "2008MM03" 105.7 0.3 4.1 13698 -9.2 -21 250160 3427 "2008 maart"
224 "2008KW01" 105.4 1.2 4.4 40971 -24.9 -9.5 253376 10381 "2008 1e kwartaal"
225 "2008MM04" 105.7 0 3.9 18474 34.9 18.1 255294 4716 "2008 april"
226 "2008MM05" 105.3 -0.4 2.9 13871 -24.9 -20.4 252098 3497 "2008 mei"
227 "2008MM06" 105.6 0.3 2.8 15669 13 -9.7 252710 3960 "2008 juni"
228 "2008KW02" 105.5 0.1 3.2 48014 17.2 -4.8 253527 12173 "2008 2e kwartaal"
229 "2008MM07" 106.5 0.9 3.1 17597 12.3 -3.4 258178 4543 "2008 juli"
230 "2008MM08" 107 0.5 2.6 15469 -12.1 -20.9 261948 4052 "2008 augustus"
231 "2008MM09" 106.6 -0.3 2.7 15374 -0.6 6.9 258314 3971 "2008 september"
232 "2008KW03" 106.7 1.1 2.8 48440 0.9 -7.1 259425 12567 "2008 3e kwartaal"
233 "2008MM10" 106.4 -0.3 2.2 16568 7.8 -1.6 259137 4293 "2008 oktober"
234 "2008MM11" 105.6 -0.7 1.1 11619 -29.9 -35.7 245292 2850 "2008 november"
235 "2008MM12" 105.8 0.1 1.7 16780 44.4 -14.7 252145 4231 "2008 december"
236 "2008KW04" 105.9 -0.8 1.7 44967 -7.2 -17.6 252950 11374 "2008 4e kwartaal"
237 "2008JJ00" 105.9 3 3 182392 -9.9 -9.9 254918 46495 "2008"
238 "2009MM01" 106.3 0.5 0.9 8700 -48.2 -28.6 255906 2226 "2009 januari"
239 "2009MM02" 105.2 -1 -0.1 8906 2.4 -40.9 247830 2207 "2009 februari"
240 "2009MM03" 104.1 -1 -1.5 9612 7.9 -29.8 240130 2308 "2009 maart"
241 "2009KW01" 105.2 -0.7 -0.2 27218 -39.5 -33.6 247692 6742 "2009 1e kwartaal"
242 "2009MM04" 103.4 -0.7 -2.2 10073 4.8 -45.5 238277 2400 "2009 april"
243 "2009MM05" 102.6 -0.7 -2.5 10275 2 -25.9 236447 2429 "2009 mei"
244 "2009MM06" 101.6 -1.1 -3.8 9921 -3.4 -36.7 231684 2299 "2009 juni"
245 "2009KW02" 102.5 -2.5 -2.9 30269 11.2 -37 235495 7128 "2009 2e kwartaal"
246 "2009MM07" 101.7 0.1 -4.5 13237 33.4 -24.8 235361 3115 "2009 juli"
247 "2009MM08" 101 -0.6 -5.6 9572 -27.7 -38.1 231295 2214 "2009 augustus"
248 "2009MM09" 100.7 -0.3 -5.6 10425 8.9 -32.2 233504 2434 "2009 september"
249 "2009KW03" 101.1 -1.4 -5.2 33234 9.8 -31.4 233608 7764 "2009 3e kwartaal"
250 "2009MM10" 100.8 0.1 -5.2 11385 9.2 -31.3 238827 2719 "2009 oktober"
251 "2009MM11" 100.3 -0.5 -5 9970 -12.4 -14.2 233663 2330 "2009 november"
252 "2009MM12" 99.8 -0.6 -5.7 15456 55 -7.9 239605 3703 "2009 december"
253 "2009KW04" 100.3 -0.8 -5.3 36811 10.8 -18.1 237755 8752 "2009 4e kwartaal"
254 "2009JJ00" 102.3 -3.4 -3.4 127532 -30.1 -30.1 238259 30386 "2009"
255 "2010MM01" 100 0.2 -5.9 7708 -50.1 -11.4 240650 1855 "2010 januari"
256 "2010MM02" 100.3 0.3 -4.7 8892 15.4 -0.2 233902 2080 "2010 februari"
257 "2010MM03" 100.1 -0.2 -3.9 11145 25.3 15.9 236230 2633 "2010 maart"
258 "2010KW01" 100.1 -0.2 -4.8 27745 -24.6 1.9 236712 6568 "2010 1e kwartaal"
259 "2010MM04" 100.8 0.7 -2.5 11069 -0.7 9.9 241859 2677 "2010 april"
260 "2010MM05" 100.1 -0.8 -2.5 9893 -10.6 -3.7 236799 2343 "2010 mei"
261 "2010MM06" 99.9 -0.1 -1.6 10929 10.5 10.2 241017 2634 "2010 juni"
262 "2010KW02" 100.3 0.1 -2.2 31891 14.9 5.4 240001 7654 "2010 2e kwartaal"
263 "2010MM07" 100.5 0.6 -1.1 12240 12 -7.5 245245 3002 "2010 juli"
264 "2010MM08" 100.6 0.1 -0.4 10411 -14.9 8.8 242259 2522 "2010 augustus"
265 "2010MM09" 99.9 -0.7 -0.8 9747 -6.4 -6.5 245706 2395 "2010 september"
266 "2010KW03" 100.4 0.1 -0.8 32398 1.6 -2.5 244424 7919 "2010 3e kwartaal"
267 "2010MM10" 99.5 -0.4 -1.3 9950 2.1 -12.6 241580 2404 "2010 oktober"
268 "2010MM11" 99.2 -0.3 -1.1 10079 1.3 1.1 234732 2366 "2010 november"
269 "2010MM12" 98.9 -0.3 -0.9 14064 39.5 -9 234739 3301 "2010 december"
270 "2010KW04" 99.2 -1.1 -1.1 34093 5.2 -7.4 236733 8071 "2010 4e kwartaal"
271 "2010JJ00" 100 -2.2 -2.2 126127 -1.1 -1.1 239530 30211 "2010"
272 "2011MM01" 98.8 -0.1 -1.2 8368 -40.5 8.6 240983 2017 "2011 januari"
273 "2011MM02" 98.4 -0.4 -1.9 9558 14.2 7.5 234444 2241 "2011 februari"
274 "2011MM03" 98.9 0.5 -1.3 10432 9.1 -6.4 244661 2552 "2011 maart"
275 "2011KW01" 98.7 -0.5 -1.5 28358 -16.8 2.2 240132 6810 "2011 1e kwartaal"
276 "2011MM04" 98.4 -0.5 -2.4 10068 -3.5 -9 243245 2449 "2011 april"
277 "2011MM05" 98.3 -0.1 -1.8 9915 -1.5 0.2 240276 2382 "2011 mei"
278 "2011MM06" 98.1 -0.2 -1.8 9549 -3.7 -12.6 241662 2308 "2011 juni"
279 "2011KW02" 98.3 -0.4 -2 29532 4.1 -7.4 241736 7139 "2011 2e kwartaal"
280 "2011MM07" 98.2 0.1 -2.3 10433 9.3 -14.8 248424 2592 "2011 juli"
281 "2011MM08" 97.6 -0.6 -3 10009 -4.1 -3.9 241390 2416 "2011 augustus"
282 "2011MM09" 96.8 -0.8 -3.1 10327 3.2 6 246538 2546 "2011 september"
283 "2011KW03" 97.5 -0.8 -2.8 30769 4.2 -5 245503 7554 "2011 3e kwartaal"
284 "2011MM10" 96.6 -0.2 -2.9 9453 -8.5 -5 237499 2245 "2011 oktober"
285 "2011MM11" 96 -0.7 -3.3 9494 0.4 -5.8 232640 2209 "2011 november"
286 "2011MM12" 94.9 -1.1 -4.1 13133 38.3 -6.6 230582 3028 "2011 december"
287 "2011KW04" 95.8 -1.7 -3.4 32080 4.3 -5.9 233229 7482 "2011 4e kwartaal"
288 "2011JJ00" 97.6 -2.4 -2.4 120739 -4.3 -4.3 240059 28984 "2011"
289 "2012MM01" 95.2 0.3 -3.7 7082 -46.1 -15.4 241473 1710 "2012 januari"
290 "2012MM02" 95 -0.2 -3.4 7805 10.2 -18.3 237464 1853 "2012 februari"
291 "2012MM03" 93.7 -1.4 -5.3 9064 16.1 -13.1 230341 2088 "2012 maart"
292 "2012KW01" 94.6 -1.3 -4.1 23951 -25.3 -15.5 235954 5651 "2012 1e kwartaal"
293 "2012MM04" 92.9 -0.8 -5.6 8236 -9.1 -18.2 231130 1904 "2012 april"
294 "2012MM05" 92.3 -0.6 -6.1 10182 23.6 2.7 228010 2322 "2012 mei"
295 "2012MM06" 93.2 1 -5 16210 59.2 69.8 240443 3898 "2012 juni"
296 "2012KW02" 92.8 -1.9 -5.5 34628 44.6 17.3 234572 8123 "2012 2e kwartaal"
297 "2012MM07" 89.6 -3.9 -8.8 7451 -54 -28.6 216721 1615 "2012 juli"
298 "2012MM08" 89.2 -0.4 -8.6 8384 12.5 -16.2 214075 1795 "2012 augustus"
299 "2012MM09" 88.7 -0.6 -8.4 7143 -14.8 -30.8 216849 1549 "2012 september"
300 "2012KW03" 89.1 -3.9 -8.6 22978 -33.6 -25.3 215795 4959 "2012 3e kwartaal"
301 "2012MM10" 88.4 -0.3 -8.5 8507 19.1 -10 214546 1825 "2012 oktober"
302 "2012MM11" 88.9 0.6 -7.3 9833 15.6 3.6 220465 2168 "2012 november"
303 "2012MM12" 88.3 -0.7 -6.9 17364 76.6 32.2 221887 3853 "2012 december"
304 "2012KW04" 88.5 -0.7 -7.6 35704 55.4 11.3 219746 7846 "2012 4e kwartaal"
305 "2012JJ00" 91.3 -6.5 -6.5 117261 -2.9 -2.9 226661 26578 "2012"
306 "2013MM01" 85.8 -2.9 -9.9 6260 -63.9 -11.6 206583 1293 "2013 januari"
307 "2013MM02" 86.8 1.2 -8.6 7897 26.2 1.2 210384 1661 "2013 februari"
308 "2013MM03" 86.9 0.2 -7.2 8933 13.1 -1.4 220430 1969 "2013 maart"
309 "2013KW01" 86.5 -2.3 -8.6 23090 -35.3 -3.6 213240 4924 "2013 1e kwartaal"
310 "2013MM04" 85.7 -1.5 -7.8 6554 -26.6 -20.4 214969 1409 "2013 april"
311 "2013MM05" 84.5 -1.3 -8.4 8333 27.1 -18.2 211869 1766 "2013 mei"
312 "2013MM06" 84 -0.6 -9.8 7224 -13.3 -55.4 206114 1489 "2013 juni"
313 "2013KW02" 84.7 -2 -8.7 22111 -4.2 -36.1 210908 4663 "2013 2e kwartaal"
314 "2013MM07" 85 1.2 -5.1 9659 33.7 29.6 213967 2067 "2013 juli"
315 "2013MM08" 85.2 0.2 -4.5 9977 3.3 19 215092 2146 "2013 augustus"
316 "2013MM09" 85 -0.2 -4.1 9289 -6.9 30 215283 2000 "2013 september"
317 "2013KW03" 85.1 0.4 -4.6 28925 30.8 25.9 214778 6212 "2013 3e kwartaal"
318 "2013MM10" 84.8 -0.2 -4 9929 6.9 16.7 213050 2115 "2013 oktober"
319 "2013MM11" 84.5 -0.4 -5 10576 6.5 7.6 212126 2243 "2013 november"
320 "2013MM12" 85 0.6 -3.8 15463 46.2 -10.9 215388 3331 "2013 december"
321 "2013KW04" 84.8 -0.4 -4.3 35968 24.3 0.7 213784 7689 "2013 4e kwartaal"
322 "2013JJ00" 85.3 -6.6 -6.6 110094 -6.1 -6.1 213353 23489 "2013"
323 "2014MM01" 85.3 0.4 -0.5 8905 -42.4 42.3 219530 1955 "2014 januari"
324 "2014MM02" 85.3 0 -1.7 10030 12.6 27 213822 2145 "2014 februari"
325 "2014MM03" 85.1 -0.3 -2.1 10028 0 12.3 214147 2147 "2014 maart"
326 "2014KW01" 85.2 0.6 -1.5 28963 -19.5 25.4 215689 6247 "2014 1e kwartaal"
327 "2014MM04" 85.7 0.8 0.1 10780 7.5 64.5 220136 2373 "2014 april"
328 "2014MM05" 85.7 -0.1 1.4 11966 11 43.6 219607 2628 "2014 mei"
329 "2014MM06" 85.9 0.3 2.2 11328 -5.3 56.8 222301 2518 "2014 juni"
330 "2014KW02" 85.8 0.6 1.2 34074 17.6 54.1 220670 7519 "2014 2e kwartaal"
331 "2014MM07" 86.6 0.8 1.9 13883 22.6 43.7 226750 3148 "2014 juli"
332 "2014MM08" 86.6 0.1 1.7 12328 -11.2 23.6 225149 2776 "2014 augustus"
333 "2014MM09" 86.5 -0.2 1.7 12949 5 39.4 223567 2895 "2014 september"
334 "2014KW03" 86.6 0.9 1.8 39160 14.9 35.4 225194 8819 "2014 3e kwartaal"
335 "2014MM10" 86.7 0.3 2.2 14353 10.8 44.6 224795 3226 "2014 oktober"
336 "2014MM11" 86.5 -0.3 2.3 11696 -18.5 10.6 220204 2576 "2014 november"
337 "2014MM12" 86.7 0.2 2 25265 116 63.4 226646 5726 "2014 december"
338 "2014KW04" 86.6 0.1 2.2 51314 31 42.7 224660 11528 "2014 4e kwartaal"
339 "2014JJ00" 86.1 0.9 0.9 153511 39.4 39.4 222218 34113 "2014"
